462.5312	731.3154	744.4532	744.5672	744.5792	744.5998	744.6094	744.6247	744.6321	744.671	744.6786	744.6883	744.6923	744.7037	744.7237	744.7482	752.3444	753.6262	753.6351	753.6584	753.6871	
762.4427	847.3718	847.3804	847.397	847.4346	847.4799	847.4866	847.497	847.5	847.5067	847.5297	847.5391	847.5562	847.5697	847.5812	847.6036	847.6099	847.6142	847.6166	847.6251	847.6368	847.6648	847.6685	847.6752	847.727	
19.6168	19.6267	19.6332	19.6407	19.6616	19.6701	19.6781	19.6831	19.7	19.7216	19.7468	19.762	19.8648	84.961	84.969	84.9703	84.9745	85.0183	85.0502	85.0796	88.5397	88.5398	393.9311	393.9528	393.9806	
873.5879	873.5905	873.5954	890.1393	916.7659	916.7897	934.3584	934.3696	934.3752	943.2192	943.2504	943.3411	943.3712	943.4019	943.4216	943.426	943.4504	943.4805	943.5296	943.6114	943.621	943.6286	943.6514	943.6868	
44.4614	44.4647	44.5336	44.5954	44.5975	44.6817	44.6836	44.6947	46.2115	46.2418	46.2493	46.252	46.2577	46.8026	46.8617	46.8657	46.8672	46.8786	48.7186	63.9569	63.9691	
3.7456	3.7586	3.7897	10.9185	10.9221	10.935	11.0238	53.9347	54.0079	54.0165	54.0556	55.6531	55.6747	55.6968	78.211	78.2159	78.2268	78.2344	78.2544	78.2754	78.2969	78.5109	78.5784	78.6228	
748.0249	775.7072	801.5902	824.4711	824.4948	824.5207	824.561	824.6213	824.6438	824.6632	824.703	824.7183	824.7724	824.7782	824.7838	825.1088	825.1511	825.2403	825.2588	825.2868	825.2972	825.3218	850.9857	850.9969	851.8122	852.1606	852.6381	852.6771	852.7421	852.7615	852.7946	852.8268	852.8678	852.8922	852.9148	857.6467	857.6622	857.666	857.6675	857.6917	857.7498	857.7569	859.6441	860.3944	860.9023	860.9208	860.9433	860.9602	860.9763	861.1058	869.3696	869.8579	869.8805	869.986	
956.1254	956.141	956.1567	956.1773	956.1853	956.2022	956.2226	956.2331	956.2403	956.2408	956.241	956.2494	956.2733	956.2782	956.2821	956.3021	956.3073	956.3124	956.3358	956.4022	
81.5617	84.639	87.8432	91.8438	107.6492	107.6583	160.474	160.734	165.1613	165.3385	178.8687	221.4939	239.0546	239.0604	248.1311	268.9288	273.2386	406.9158	406.9182	406.9397	494.9297	641.2283	787.5804	834.7977	834.8032	
390.1236	390.1356	390.1515	390.1706	390.178	390.2304	390.3373	390.3687	390.3797	390.3877	390.4067	390.4108	390.4927	390.5376	390.6903	402.2831	402.945	402.9719	402.9883	403.0154	403.0233	403.1131	
358.9942	359.0129	359.0339	359.0495	359.0633	359.0685	359.0797	359.0876	359.1505	359.1603	359.1707	359.1779	359.1872	359.2478	359.2921	359.2957	359.382	359.4098	359.4185	359.4878	359.5661	359.5948	359.6078	359.6107	359.6252	359.6393	359.7715	359.8432	359.865	359.9255	360.103	360.1419	360.1559	360.1667	360.1821	360.1882	360.1968	360.2201	360.23	360.2353	360.2378	360.2414	360.2459	360.3005	360.3114	360.3309	360.3424	360.3866	360.401	360.4229	360.4307	360.4738	360.4799	360.4856	360.4909	360.4961	360.555	
410.1947	410.4207	431.0335	453.101	453.1423	453.1975	496.0288	677.0385	677.0581	677.0724	677.1411	677.1565	677.2267	686.6175	695.0721	789.9966	790.061	841.961	842.0007	866.6232	872.6776	872.6863	872.6949	872.7302	872.7817	872.7861	872.7918	872.8795	872.9262	872.9642	
787.2737	787.4693	787.5178	787.5279	787.5344	787.5397	787.5952	787.5977	787.6053	787.6269	787.6285	787.6797	787.6882	787.6956	787.6993	787.7104	787.7338	788.2777	788.3878	789.2462	789.259	795.73	795.7316	795.8158	795.8504	795.8534	795.8624	795.8657	795.8663	795.8767	795.8862	795.8929	795.897	795.9795	796.2522	797.282	797.3411	797.3712	797.3832	823.0633	823.0989	823.1167	823.1242	823.1275	823.1308	823.1346	823.1374	823.1383	823.1414	823.1617	823.1892	823.5648	823.5762	823.6856	
355.3916	355.4499	362.0466	383.8579	388.6391	401.6348	405.4269	408.6189	410.6092	410.6345	410.6604	410.8247	424.8888	426.3758	426.6563	432.0877	432.9317	434.3518	441.4005	445.9668	449.1015	451.3855	451.4315	458.0648	458.3745	483.1859	492.6126	496.766	500.6164	506.2525	509.1057	509.537	509.539	512.8695	518.5584	530.1263	531.5349	535.5722	539.7067	540.4039	543.722	555.5121	566.543	569.5905	573.4254	578.8819	581.6029	581.6114	587.6028	589.788	597.8581	599.4132	604.1028	612.6597	617.3945	618.43	642.887	642.8916	643.0864	643.5315	643.5595	647.137	647.1484	647.22	647.9936	648.0007	648.636	648.6724	648.6768	649.9298	650.6477	650.6501	650.6675	650.6847	
22.7018	56.6903	65.2824	65.5747	65.5798	71.4559	82.2246	89.6903	94.6668	94.7789	94.8198	98.0203	108.7723	112.9337	115.0948	123.8627	125.2771	130.1802	130.1911	134.1145	134.1491	140.1978	142.9806	156.2927	168.2842	172.8947	215.2721	233.407	234.1627	241.1724	242.7121	249.8438	254.0601	268.1771	269.2906	269.3289	270.8266	271.8023	302.4835	307.0332	320.1379	327.9924	330.4474	340.8833	340.8887	341.9455	345.6362	348.457	348.4644	349.6636	349.7422	349.7456	349.7737	
553.3103	553.3156	556.6378	556.7064	556.7163	556.7231	556.7305	556.7358	556.7508	556.7528	556.7689	557.0113	564.5383	564.5395	564.5438	564.5614	564.626	564.6404	564.6621	564.6686	564.7354	
320.6931	366.6873	366.6915	366.6955	366.6989	366.7006	366.7029	366.7051	366.7126	366.7174	366.723	366.7551	366.7724	366.7855	366.8102	367.1693	367.1749	367.1773	367.1835	367.1898	367.2352	367.2482	367.2725	367.3907	367.3943	367.4034	367.4488	367.4554	367.4789	367.5176	367.5343	367.5466	367.5991	367.6094	367.6119	367.627	367.638	367.6571	367.6801	
281.4974	281.5067	281.5098	313.1098	313.1217	313.1301	313.1443	313.1456	313.1468	313.1674	313.1698	313.2282	313.23	313.2316	313.2491	313.258	313.3394	313.3426	313.3511	313.353	316.5577	316.5637	316.6112	316.6455	
4.8295	4.8486	4.8533	4.8662	4.9079	4.9127	4.9182	4.9318	64.804	71.1671	71.2992	71.306	71.698	71.8389	72.8735	72.9107	74.1684	74.1753	74.1889	74.2099	
380.7925	380.8063	380.8335	380.8388	380.8457	380.8598	380.8709	380.8879	380.8902	380.8953	380.9008	380.9095	380.923	380.9351	380.9438	380.9597	383.339	383.3408	383.3489	383.3684	
329.0416	329.0507	329.116	329.1276	329.1321	329.1473	329.1506	329.1606	329.1752	329.1877	329.1932	329.2234	329.2281	329.261	398.7592	398.7674	398.7759	399.7984	399.8021	406.2624	406.2743	
475.8569	494.6986	494.7217	494.7591	582.6514	582.6639	582.6694	582.6978	582.7589	582.7758	582.7932	582.7974	582.8163	582.8231	582.8267	582.8524	582.8667	583.1833	583.1869	583.1968	583.2143	583.2336	583.2354	583.2461	583.2701	583.2925	583.3305	
43.1654	43.1692	47.0248	238.6073	247.6637	250.2737	250.7472	256.0742	266.7222	266.9029	266.9054	266.9065	267.8582	271.5227	272.4574	272.4598	276.8306	278.0152	660.8772	660.9036	
220.4728	220.4903	220.4987	220.5019	350.0935	355.1089	361.8833	363.083	390.5808	819.8902	820.0602	820.2467	820.2625	820.2653	820.2811	822.6201	822.6715	822.6858	825.154	825.1604	825.165	825.1772	825.2193	832.775	833.1172	833.134	
601.9452	601.946	601.9472	601.9477	601.9486	601.951	601.9524	601.9773	601.9783	601.9817	601.9851	601.9851	601.9855	601.9869	601.993	602.0256	602.0619	602.0637	602.1632	602.1973	
589.7482	589.7685	720.3618	785.0983	785.4452	793.3813	793.4001	793.4053	793.4567	802.2972	802.3059	802.307	828.1523	828.1753	828.1802	828.1854	828.1878	828.1908	868.5348	914.3842	914.4874	
306.8339	306.8462	306.8547	306.867	318.9762	318.9774	318.9894	318.9969	340.195	340.2116	340.2158	340.2196	349.8386	349.8462	350.014	350.0218	359.195	379.0253	379.0389	379.1157	
133.6112	133.6269	133.6452	133.651	133.6727	133.7119	134.1359	134.1689	134.1761	134.1892	143.311	143.318	143.3291	143.356	143.4175	158.0061	158.0127	158.0171	158.0546	158.0946	158.1046	158.119	158.1232	158.1946	158.6731	158.7016	158.7113	158.8501	158.8638	158.8722	158.8768	158.891	158.9126	158.9208	158.9362	
366.6348	366.6429	366.7691	366.7753	366.8151	366.8306	366.8702	366.8708	367.0287	367.167	367.1739	367.2066	367.4248	367.434	367.5035	367.5134	367.5142	367.6301	367.6377	367.6439	367.6714	367.6787	367.6859	367.7006	367.7073	367.7135	367.7324	367.7343	367.7402	367.7459	367.7587	367.766	367.7941	367.7994	
237.9551	237.9576	237.9643	237.9679	237.9768	237.9933	238.0015	238.0149	238.053	238.1325	238.1335	238.1353	238.1634	238.1732	238.2337	238.2414	238.3556	238.3757	238.3875	238.3978	242.1302	242.1476	
841.2851	842.4964	842.5231	842.5261	842.5558	842.5658	846.8226	847.0159	848.345	848.4694	848.4913	848.4991	848.502	848.5591	848.6959	848.7163	849.6487	849.7034	849.7807	849.7887	849.7965	849.8144	849.8939	849.9681	849.9736	849.9775	857.5314	857.5448	857.5527	857.5553	857.5839	857.5864	857.5977	857.6009	857.6253	857.6451	857.7379	857.764	857.8013	
735.7162	735.7229	875.3391	915.9899	917.7868	919.6553	920.4334	927.49	927.4951	927.6113	927.6139	927.6175	927.6521	927.6534	929.3632	930.3234	930.3321	930.3529	937.9886	944.7814	944.8074	
657.3634	657.4394	657.4867	657.4881	657.5013	657.5237	657.5245	657.5382	657.55	657.6508	657.6726	657.6784	657.6838	657.6871	657.7139	657.7157	657.7206	657.7216	657.7225	657.7307	657.737	657.7985	
4.9469	4.9609	5.0049	5.0116	5.0407	5.0948	331.9158	331.9388	331.9964	332.0057	332.0507	332.0824	332.092	332.1715	332.7375	332.7552	332.8195	332.8282	332.8336	332.9811	333.3491	333.3954	333.4066	333.4213	348.5033	348.532	
787.6197	787.6293	787.6379	787.641	787.6699	787.6831	787.6877	787.6952	787.7029	787.7047	787.708	787.7101	787.7127	787.7149	787.7168	787.7214	787.724	787.7253	787.7281	787.7313	787.7327	787.7355	787.761	
486.22	486.3513	486.3578	486.5734	494.8314	494.8487	495.0481	495.0627	495.0676	495.0682	495.0693	495.0784	495.098	502.97	505.673	505.7038	505.7068	505.8572	505.8714	505.8919	505.8936	505.9248	505.9345	505.9388	505.9395	505.941	505.9433	505.9512	505.9519	505.9556	505.9706	505.98	506.2777	506.4411	506.5504	506.5564	506.569	510.9174	514.3559	515.2958	515.5444	515.8203	520.3048	521.2746	521.7071	525.0418	
818.7288	825.1892	825.2453	825.253	825.28	825.3097	825.3271	825.3474	825.721	827.6243	827.6393	834.092	834.1181	834.147	834.6169	834.6421	834.9668	834.969	834.9809	834.9901	835.0087	835.0149	835.0215	835.0345	835.0487	835.0765	945.8514	945.8676	945.8765	945.8907	945.9131	945.9278	945.941	945.9474	946.8303	946.86	
858.7384	858.7842	859.8215	876.5365	876.7505	876.768	876.7728	876.7735	876.7907	876.798	876.7992	876.8006	876.8029	878.6747	878.7675	890.1794	890.2266	890.2456	890.3461	890.3498	890.4691	890.4727	890.4781	890.5017	890.5283	890.534	890.5349	890.5431	890.5456	890.5524	890.5631	890.5718	890.5765	890.578	890.6213	890.6284	890.636	890.6594	
120.4617	120.4617	120.4618	120.4635	120.4643	120.4647	120.4648	120.4651	120.4664	120.4674	120.4694	120.4706	120.4722	120.4739	120.4748	120.4749	120.4757	120.4774	120.4775	120.4814	120.4837	120.4847	120.4849	120.4851	120.4852	120.4853	120.4854	120.4856	120.4863	120.4888	120.5873	120.6035	120.6092	
154.6778	154.688	154.6936	154.7019	154.7092	154.7167	154.7237	154.7272	154.7293	154.7307	157.2838	236.5667	236.6031	236.6281	254.4982	431.746	431.7567	431.7728	431.7769	431.7865	431.8017	431.8154	431.8641	431.8832	434.0256	434.1811	434.1833	436.9496	436.9558	436.9609	436.9782	436.9856	436.9919	436.997	437.0418	437.3201	
719.655	719.6644	719.7503	719.7612	719.7627	719.7849	719.7908	719.8011	719.8107	719.8227	719.8317	719.8355	719.839	719.8508	719.8599	722.5046	728.6675	728.6704	728.6872	728.8117	728.8323	728.8364	728.8556	728.8608	728.872	729.2569	729.2629	729.3062	729.3172	729.3603	729.4246	729.4322	729.4703	
335.4557	357.5325	398.2356	398.2384	398.244	398.2555	398.2589	398.2619	398.2649	398.2668	398.302	398.309	398.3112	398.3374	398.3566	398.3644	398.4724	398.5359	398.5399	398.5419	398.5478	
825.641	826.9322	826.9708	826.9728	826.974	827.0536	827.0562	827.0637	827.0725	827.0843	827.0957	827.0989	827.1064	827.1258	827.1295	827.1354	831.9054	831.9074	831.9084	831.9251	832.2966	833.9387	833.9423	833.944	833.9584	834.0027	834.0101	834.0542	
90.5705	90.5747	90.5853	90.589	90.5932	90.6181	142.0396	142.0465	142.054	142.059	142.0676	142.0873	158.1456	161.1244	161.1526	161.1622	161.1899	161.3216	174.8563	174.8635	174.9109	174.9165	174.9346	174.9461	174.959	175.0042	175.0181	175.0456	
824.441	824.4456	824.4745	824.7601	824.7741	824.8354	828.4384	828.4855	828.5164	833.2033	833.2055	833.2069	833.2203	833.2361	833.2632	833.6265	833.7181	833.7321	833.7554	833.7662	833.7679	833.7723	833.7817	833.7902	833.8008	833.8335	833.8406	833.8849	833.9297	
371.3605	371.4284	371.7034	371.7088	371.7092	371.7099	371.7151	371.7687	371.8055	371.823	371.8836	397.7222	397.7236	397.7639	397.7727	443.2596	450.1156	452.5623	457.3914	457.4072	457.4263	457.4828	457.8118	457.8262	457.8803	458.0949	474.674	492.5685	495.1116	495.1346	495.304	
495.3792	517.7658	547.2402	587.7687	587.7874	587.8046	587.8075	587.8241	587.8256	587.8324	598.6656	598.6898	598.7008	607.1215	607.1245	616.0003	656.9149	656.9182	665.2047	665.9922	665.9945	665.995	665.9965	676.1819	676.2111	676.8358	676.8393	676.8437	676.8457	676.8462	682.8798	682.9477	682.9897	682.9937	
683.0042	684.524	684.5435	684.5901	684.5916	685.9945	685.9957	685.9997	686.1401	686.1551	691.0878	691.0888	691.0895	691.0908	691.1686	694.6111	700.3445	700.3468	700.366	720.059	720.0615	720.0616	720.0625	720.0656	720.07	725.8396	725.8444	727.9322	727.9333	728.011	728.0425	728.0502	734.3319	734.3649	734.4357	734.8192	736.5506	737.0613	780.2803	780.282	786.6341	789.1066	789.1183	794.3354	794.3398	794.3455	
115.376	356.5241	356.5293	356.5422	356.5574	356.5637	397.7552	397.7664	397.7749	397.8002	397.81	397.8885	398.875	398.8984	398.9623	399.0767	399.0913	399.1202	399.4288	476.0038	476.0323	476.0418	476.064	476.1503	
796.818	796.8357	796.8653	796.8869	796.9658	796.9686	797.0585	797.0718	797.0755	797.0852	797.1085	797.1171	797.1507	797.1646	797.1715	797.1802	797.1903	797.241	797.2545	797.2557	797.3308	797.351	797.3673	797.4093	797.4455	797.777	797.8238	
307.266	307.2897	666.8282	666.8581	666.892	669.302	669.3267	669.3313	669.501	669.5035	669.5055	674.4027	674.407	674.4655	674.4743	674.4978	674.5025	674.5076	674.6014	677.5046	677.5113	677.5185	677.5297	677.5311	677.5475	677.5491	677.5581	677.5609	677.5745	677.5758	677.5801	677.8029	677.8528	
280.532	280.5472	280.5524	280.5577	280.5728	280.6147	280.6384	280.6726	280.6978	280.6988	280.7004	280.7338	280.7424	280.7471	305.5221	305.5399	305.5534	305.5577	305.5644	305.8277	339.9063	339.947	339.9669	340.003	340.0085	340.0103	340.0492	340.1428	340.1762	340.3786	
316.6457	316.6579	316.6593	316.6644	316.6693	316.6768	316.6783	316.6954	316.6978	316.6987	317.0821	317.1227	317.1427	317.1543	317.1757	317.1845	317.1966	317.2095	317.2138	317.2288	317.4193	
683.8007	683.8084	683.8111	683.8381	683.8765	683.8879	684.985	684.9888	685.0544	685.1494	685.1555	685.1624	685.1713	685.1803	693.1645	737.043	739.397	739.3994	739.4241	739.4357	739.4655	739.5413	739.5445	
381.2439	381.2836	381.2911	381.3195	381.3462	381.3794	381.3857	381.4097	381.4134	381.4246	381.6637	381.6663	382.2873	382.3185	382.3281	382.4014	382.7942	382.806	436.3944	436.4081	436.449	437.9537	437.9707	438.0203	438.0728	
764.0483	764.0601	764.0686	764.0931	850.4496	850.4609	850.4722	850.4785	850.4915	850.5001	850.5323	902.7016	902.7072	902.715	902.7321	902.773	902.7748	902.7775	902.7832	902.7926	902.8099	902.825	902.84	902.8462	902.8622	902.9219	
34.3218	34.3394	34.6528	34.6751	34.698	34.7203	34.7411	34.7727	34.8502	34.8941	34.9036	34.9389	34.9744	35.0006	36.5833	36.6363	36.6783	36.8602	36.8622	36.8728	36.8738	36.9056	36.9067	36.9227	36.9438	37.0063	37.0111	37.0284	37.0403	37.0616	37.0767	37.0898	
780.5317	781.8025	781.8071	781.8254	781.83	781.832	781.8328	782.0252	798.5495	798.555	798.5742	798.5811	868.0249	868.0348	868.0421	868.0917	868.1004	876.8538	893.0899	893.098	893.0998	893.1004	893.1191	893.2515	
894.8043	902.8233	902.8298	903.1467	903.1498	903.1521	903.1532	903.1587	903.1702	903.1765	928.1094	928.1135	928.1266	938.5197	956.3916	956.3963	956.3999	956.4061	956.4145	956.4153	956.4172	956.4967	956.5329	
157.3439	157.3461	157.3578	157.3603	157.3611	157.3642	157.3728	157.3993	157.4313	157.4569	157.4783	157.483	157.4852	157.5038	157.5094	157.6577	157.6958	235.8251	235.9528	236.0186	236.0582	520.4946	521.4206	521.485	521.5189	521.5206	521.5449	521.5516	521.616	521.6194	536.9022	547.312	572.68	572.6824	572.6946	572.7126	572.7177	572.7283	572.7304	572.765	572.8602	
104.1601	104.1642	104.1705	104.1853	104.2371	104.2432	104.25	104.258	104.2659	104.2801	104.3016	104.3359	104.3516	104.3835	104.3953	401.9118	401.9219	401.9344	401.9644	401.9745	401.9853	401.9948	401.999	402.0021	402.1087	402.1223	402.1375	402.1484	403.1592	
367.2503	367.2559	367.2578	367.4126	367.4159	367.4185	367.6586	367.6616	367.6697	367.6716	367.6863	367.7038	367.717	367.7202	367.7478	367.8046	371.7356	371.743	371.7621	371.8861	371.9104	371.9351	371.9472	371.9646	371.984	
11.7388	21.8505	22.6546	35.1066	35.1356	35.1474	35.1557	35.1828	35.2496	35.2594	35.2837	35.294	35.3005	35.3776	35.4622	35.465	35.4787	35.4978	37.8401	37.8513	37.8581	37.9106	40.607	44.1152	45.9021	45.9079	45.9237	45.9437	46.3087	
749.6191	794.3991	807.1845	807.1896	807.197	807.7346	807.7372	807.7451	822.2133	822.5629	825.4042	825.4117	825.4199	825.4256	825.4429	825.5513	825.5626	825.5778	825.5929	825.5993	825.6324	
451.3032	451.8373	451.8512	451.8659	523.8964	523.902	523.9036	523.9902	523.9984	524.0007	524.0125	670.4806	670.4992	695.7256	697.5014	769.3547	769.3822	769.3836	774.6677	782.4218	782.4328	782.4396	782.4419	782.4554	782.4577	782.4593	782.4667	782.4727	782.4761	782.4873	782.4881	782.4949	782.5369	782.561	
314.0783	314.2384	824.4623	824.4681	824.4694	824.481	824.4831	824.4876	824.4911	824.4951	824.5048	824.51	824.5135	824.5332	824.5352	824.5385	824.5481	830.2393	830.2415	830.2617	830.3403	830.3472	830.3755	
80.8465	80.8587	80.862	80.894	80.8985	81.0555	113.5368	115.3628	115.3735	115.4717	133.1338	133.143	133.1562	133.1574	133.1661	133.5165	168.0457	168.0496	168.0511	168.0876	168.1306	168.1747	168.1772	168.1786	168.2946	168.3001	168.3047	168.3205	168.3229	173.7132	173.7195	173.722	173.724	174.0142	174.029	219.3117	219.3188	219.321	219.3353	219.337	219.3424	219.3539	237.1901	245.5167	245.5271	245.53	245.5376	245.5544	245.5672	245.572	245.5809	245.7432	245.751	245.9058	245.9237	
98.5334	98.5489	98.5596	98.5905	98.7792	99.2942	113.4882	131.809	254.262	254.3268	255.0341	270.4473	277.118	401.0628	502.3422	510.8598	562.3427	786.393	787.2693	787.2784	821.0865	821.0965	821.0993	821.1092	825.7102	837.813	837.8171	837.818	837.8245	841.861	842.7332	842.7346	842.755	842.7613	842.7693	842.7707	846.978	847.8613	847.8645	890.3213	891.0064	891.6003	891.6091	891.6224	899.1275	902.9932	916.8635	916.9744	924.5936	924.5962	924.6189	924.6351	
894.6967	916.6182	916.6212	916.6314	916.6444	916.6661	916.6765	916.7172	916.792	916.8001	916.8623	916.8775	916.8814	916.8889	916.8943	916.9065	921.8548	921.8577	921.8805	921.8855	926.8749	926.877	929.0836	929.1159	929.1444	929.2241	929.2344	929.2533	929.2732	929.2798	929.2964	933.5763	933.5802	935.0397	935.0445	935.3689	938.6243	938.6385	938.6466	938.6638	938.6699	938.6787	938.6933	938.723	938.7273	938.7335	938.8633	938.8669	942.7844	942.7931	942.7952	942.796	942.8366	942.8463	942.8639	946.8913	946.8994	946.9037	946.9069	946.9618	
19.8984	19.9138	166.731	168.0891	322.0678	322.1833	373.9255	374.0735	473.6046	473.7223	473.8557	473.9148	473.9871	474.0428	474.0507	474.0531	483.9473	484.1982	484.2228	485.5757	485.8846	491.0647	491.0716	529.7214	747.7908	789.9912	794.8956	794.8969	794.9046	794.9385	794.9695	795.1272	795.7181	795.8115	797.8752	798.5117	
105.7758	105.8107	105.8328	105.8428	105.8446	105.9153	105.939	105.9714	105.9802	106.0001	106.0224	106.0532	106.1181	106.1275	106.1429	106.1605	106.1943	106.2104	106.3101	106.3817	112.6897	112.8261	125.5852	125.6169	
222.2439	325.9783	326.0081	326.0334	326.0784	326.0984	326.1125	326.1177	326.1244	326.1369	326.4363	328.1298	328.145	360.4671	360.4729	360.479	369.6498	369.7212	369.747	369.7655	369.796	369.8121	369.8175	374.3343	391.87	402.7413	402.779	402.7956	402.8048	402.8132	402.8229	402.8381	402.8673	402.8892	402.8994	403.0426	403.0494	403.0611	403.1032	
20.3647	20.3916	20.4025	35.8659	96.3631	96.3968	96.4335	96.469	96.4787	96.4819	96.4978	96.5203	96.5312	96.5342	96.5475	96.5825	96.6184	96.6743	105.1109	105.1508	105.2708	105.2824	105.4755	105.5219	105.5962	105.6463	105.6805	105.9604	
959.9883	959.9934	959.9963	960.0007	960.0819	960.1152	960.1435	960.1543	960.1612	960.1739	960.1792	960.2309	962.3951	962.4435	962.454	962.5109	962.5211	962.5413	962.5535	962.5633	962.5677	962.5773	962.5887	962.627	962.6602	962.6626	962.6719	962.7172	962.7184	962.7209	962.7297	962.8	962.8791	
120.1942	120.2049	120.2278	120.2339	120.2461	120.2557	120.2719	120.2871	120.312	120.3321	120.5216	121.0602	121.0792	121.1586	306.4485	306.4761	306.5503	306.5749	306.7102	306.7384	
658.763	658.766	658.7666	658.791	658.7988	658.8079	658.8096	658.8109	658.8156	658.8433	658.8483	658.8523	658.8549	658.8555	658.8587	658.8604	658.9174	658.9589	658.9733	658.9908	659.0714	659.0969	
900.3672	900.3743	900.3803	900.392	900.3956	900.4357	900.4509	900.4588	900.4626	900.4714	900.4896	900.4926	900.4961	900.5081	900.5121	900.5204	900.5363	900.5455	900.5557	900.5608	900.5719	900.589	900.6496	900.6545	900.6916	
772.3927	772.3977	772.4005	772.4074	772.412	775.528	775.5366	775.5628	775.5751	775.5827	775.5956	775.6088	775.6216	775.625	775.6354	775.6559	775.674	775.6801	775.6937	775.7023	775.7102	778.0797	778.0895	778.0998	778.1068	778.12	778.1543	778.1628	778.1753	778.1878	778.2481	778.2691	778.2794	778.3115	778.32	778.5687	778.5768	778.6929	778.7603	778.7645	778.768	778.77	778.7749	778.7945	778.8048	778.8201	778.8224	778.889	778.9195	778.9353	778.9497	778.9546	778.9709	779.016	779.0252	779.0312	779.0391	779.0419	779.2878	779.3076	779.3387	779.3557	779.3612	779.3731	779.3847	779.6178	779.628	779.6399	779.6454	779.6615	779.6663	779.674	779.6792	779.9294	779.9337	780.0242	780.0291	780.0677	780.1429	780.212	780.2324	780.2893	780.303	780.3095	780.3181	780.3256	780.3341	780.3412	780.3474	780.4677	780.4786	780.4845	780.4959	780.5009	780.5041	780.5191	780.5302	780.7036	780.7477	780.7619	780.8158	781.0815	781.1433	781.1493	781.1788	781.3077	781.3459	781.3676	781.3937	782.697	782.8093	782.8569	782.9538	782.9937	783.0223	783.0261	783.0494	783.0594	783.3853	
65.4199	65.4358	65.4746	65.4846	65.4873	71.6807	71.688	71.7032	73.2841	73.3205	73.3331	73.351	73.3697	73.3746	73.4445	73.4724	73.4772	73.5099	73.5229	73.5538	73.5902	73.6049	73.6491	73.6586	73.6652	73.7152	73.7265	73.7556	73.7641	73.7713	73.8011	73.812	73.814	73.8293	74.3058	74.6489	74.6645	74.6787	74.7077	74.7147	74.7834	
350.1978	350.2589	350.2736	350.285	350.6332	350.6757	350.7046	350.7457	350.7499	350.7551	350.7563	350.8311	354.1613	354.1746	355.2658	355.3202	355.5712	355.6359	355.6803	355.7543	362.5052	362.5711	362.5855	362.6057	362.6182	362.6211	362.6472	362.6565	362.6691	362.7025	
96.6171	96.6261	96.6337	96.6401	96.6454	96.6589	96.6671	96.7019	96.7164	96.7231	96.7328	96.7443	96.7807	96.7888	96.7932	96.797	96.8153	96.8496	96.8916	97.0366	97.0668	97.0718	97.1497	97.1514	97.3329	97.338	
454.4871	454.5028	454.5646	454.5862	454.6128	454.6167	523.5222	523.5354	523.5482	523.5573	523.6518	523.6594	523.667	523.6724	523.69	523.7039	523.7147	523.7491	523.76	523.7747	523.8933	532.8113	532.835	537.8319	539.3347	553.0227	553.04	553.0568	553.0632	553.0788	553.1531	553.2617	
46.6376	47.639	47.644	47.6455	47.6519	47.655	47.6614	47.6783	47.7581	47.7618	47.7767	47.7815	47.7853	47.7877	47.794	47.8502	47.8605	47.8836	47.89	47.8988	51.8354	51.9731	
116.8368	116.8534	116.8703	116.8789	116.8844	116.8948	116.8973	116.9198	116.9295	116.9369	548.6869	548.7012	548.7386	548.7499	954.1427	954.1612	954.1829	954.1863	954.2033	954.2163	954.2199	954.2242	954.2528	954.2573	954.2793	954.2896	954.3159	954.5556	
168.1826	168.1951	168.217	168.2294	168.2347	168.2423	168.2604	168.2831	168.2932	168.3076	168.3367	168.3461	168.3612	168.3801	168.3988	168.4329	168.4584	168.4739	168.4888	168.5296	
361.2383	361.26	361.2915	361.298	361.3032	361.3182	361.3272	384.8181	384.8435	384.896	384.9181	385.223	385.2415	385.2698	390.8824	390.9156	390.9236	428.0237	428.0595	428.0651	428.079	428.086	428.1085	428.193	
321.788	321.8784	321.8932	321.8963	321.898	321.9032	321.91	321.9149	321.9282	321.9439	321.9618	321.9671	321.9699	321.9946	322.005	322.0301	322.0612	322.069	322.0773	338.5142	338.5169	338.5185	338.5192	338.5235	338.5254	338.5322	348.5449	
99.0836	99.1397	103.411	103.4237	103.4416	103.4586	103.4643	103.4785	103.5094	103.5566	103.5678	103.5946	103.602	103.6051	103.6484	103.6538	104.3368	104.3949	104.4467	104.4798	104.551	104.6114	
246.2048	246.2202	246.2243	246.2263	254.693	254.6956	254.7049	254.7103	254.7167	319.82	319.8211	319.9746	320.0236	320.0422	320.0658	320.0668	320.1056	320.1114	320.5388	320.553	331.5502	
