0	1	1	1	2	1	1	1	3	1	1	2	1	1	1	1	1	1	4	1	1	
5	6	7	8	9	10	11	12	13	14	15	10	16	6	17	18	17	17	18	19	20	18	17	19	19	
21	22	21	21	23	24	25	23	26	25	27	27	23	23	28	23	29	23	30	31	31	29	23	23	23	
32	33	32	33	32	33	34	33	35	32	33	33	33	33	36	33	32	33	33	33	33	33	33	33	
48	49	50	51	50	52	53	52	49	54	49	49	50	50	49	55	49	50	50	50	50	
56	57	57	57	56	56	58	59	59	59	60	61	61	61	28	62	62	27	63	60	59	26	26	26	
64	64	65	66	67	68	69	67	70	71	72	72	73	71	74	71	75	75	64	69	64	71	67	64	69	69	65	71	72	76	77	71	71	78	64	64	71	67	71	67	67	79	79	69	80	80	64	64	64	64	64	64	64	64	
81	81	81	82	83	84	85	86	87	86	85	85	38	85	38	88	85	38	38	38	
89	89	89	89	89	89	90	91	90	90	92	93	93	93	94	94	95	96	97	96	98	99	99	100	100	
38	46	46	11	46	101	101	101	101	101	17	46	82	38	86	101	101	101	101	102	101	101	
103	104	103	103	105	32	106	106	107	107	108	108	108	103	109	110	111	112	113	114	115	116	110	117	118	119	103	120	121	65	103	72	122	65	65	121	105	32	106	32	105	121	65	103	103	121	105	103	105	103	103	123	124	123	125	126	126	
127	128	127	129	130	130	60	131	132	133	134	135	136	137	134	138	138	27	138	27	26	28	28	139	140	26	140	141	140	140	
5	88	142	142	17	143	5	81	142	20	42	142	42	46	142	46	42	45	5	41	42	5	12	144	46	45	5	45	46	42	20	18	20	42	20	42	46	17	42	11	42	42	42	44	42	17	42	11	42	44	12	42	42	42	
0	0	0	0	0	0	0	0	162	56	161	0	0	0	162	0	0	0	0	0	0	0	162	162	0	0	0	162	0	0	0	21	0	0	0	0	0	0	0	0	0	0	0	0	0	0	0	0	0	0	0	0	0	0	0	0	0	163	164	163	164	164	162	164	164	164	0	164	0	0	0	164	164	164	
72	0	0	0	0	0	0	0	0	0	0	0	0	0	0	0	0	0	0	0	0	0	0	0	0	0	0	0	0	0	0	0	0	0	0	0	0	0	0	0	0	0	0	0	162	0	0	0	0	0	0	0	0	
161	161	161	161	161	165	166	167	168	161	161	161	161	168	161	161	161	161	161	161	161	
174	174	175	174	176	174	176	174	174	177	178	179	180	181	182	179	183	179	184	179	185	186	187	188	189	190	191	192	193	194	195	184	179	196	197	185	198	194	194	
57	199	105	57	200	56	201	202	201	203	204	174	205	174	206	206	194	207	194	208	209	209	174	174	
210	210	211	212	211	213	165	213	38	86	88	86	86	86	86	86	88	86	86	86	
164	214	215	214	56	216	56	201	214	201	56	56	56	202	214	214	202	200	56	56	
143	217	218	218	219	218	218	32	218	61	103	103	72	72	103	103	220	67	103	103	103	
221	82	88	222	223	41	40	224	225	226	166	227	228	228	37	227	229	227	230	231	232	233	234	235	165	37	228	
245	246	247	246	162	248	248	248	162	245	249	162	162	162	164	162	245	245	245	245	
250	38	42	38	251	251	251	251	251	252	32	253	32	254	46	46	32	32	32	42	255	101	101	101	101	101	
83	256	257	258	259	260	261	38	262	263	264	236	39	259	261	83	259	261	153	153	
265	266	267	268	265	269	98	269	270	269	270	269	269	266	265	266	103	266	269	269	269	
271	272	273	273	274	273	275	273	275	275	276	275	275	277	272	272	272	272	272	272	
44	102	160	278	255	102	102	278	255	102	255	102	102	102	102	102	102	42	42	273	279	12	12	102	102	102	102	42	17	42	17	17	44	44	44	
82	84	105	280	17	280	84	82	281	1	1	1	1	1	282	283	284	1	1	1	1	1	1	1	1	1	1	1	1	1	1	1	1	1	
22	293	294	22	293	22	295	293	120	293	29	293	293	293	293	293	22	293	293	295	295	293	
300	301	302	303	304	305	32	306	41	307	308	309	310	83	310	83	302	301	301	302	303	304	302	305	302	303	301	310	301	310	301	310	311	301	302	303	304	304	304	
312	273	161	313	314	314	314	315	313	314	315	314	81	313	313	313	81	313	313	81	81	
316	317	316	318	317	316	49	316	319	319	316	317	316	317	316	317	54	317	160	317	317	317	
320	321	322	322	322	322	164	323	324	322	322	325	325	326	327	327	328	329	327	330	325	325	330	331	332	332	
22	23	333	120	334	335	336	337	333	159	30	120	61	338	159	338	159	333	30	339	30	61	61	
352	353	353	70	160	213	354	355	353	355	356	357	70	70	70	358	70	219	70	359	70	358	69	79	69	64	69	357	69	67	69	358	219	73	73	73	73	73	73	73	73	73	73	70	73	73	
161	161	360	315	315	315	315	315	315	315	315	315	38	38	38	361	362	315	85	40	40	40	363	88	229	364	312	312	38	361	365	366	366	86	366	366	
249	367	367	103	103	339	368	339	369	370	371	372	122	65	65	373	22	22	260	22	374	374	375	133	333	159	333	339	260	260	376	260	377	260	22	337	22	22	
379	380	381	382	383	170	384	385	386	387	388	389	390	171	391	392	393	394	395	396	397	398	399	400	401	402	403	404	405	381	406	406	406	
249	67	413	67	414	414	78	414	414	67	67	161	415	416	417	418	419	418	420	421	420	422	1	423	424	289	257	46	422	1	1	425	425	161	213	213	
261	261	261	261	261	183	426	427	428	429	429	430	431	432	433	429	429	428	428	429	427	221	221	434	435	435	435	435	428	435	428	429	429	
436	436	213	312	249	437	120	29	438	29	11	101	439	312	312	17	438	440	441	442	437	
18	17	299	299	299	288	443	19	444	102	102	7	17	17	299	299	18	102	18	19	19	19	18	17	18	18	19	19	
310	307	445	307	310	315	418	446	418	447	418	448	6	449	450	116	451	451	451	451	451	452	453	452	451	453	454	452	
455	103	103	103	455	455	103	455	103	103	455	103	103	103	103	103	103	103	103	103	30	103	103	103	103	103	103	103	103	
249	249	0	161	325	22	0	456	457	162	22	249	129	163	129	164	348	348	348	348	348	348	348	348	348	348	0	0	348	348	348	
348	0	373	249	249	249	249	249	162	162	0	248	249	0	162	249	162	164	249	129	458	22	459	460	129	162	249	163	456	459	0	0	0	0	
0	249	129	461	462	164	22	0	164	164	463	0	460	164	460	249	162	22	0	249	459	183	459	456	98	162	162	0	164	162	162	163	0	0	0	162	0	0	163	0	162	249	367	22	0	0	
425	464	465	466	467	468	469	470	471	105	105	472	473	473	474	105	475	105	105	105	105	105	105	105	
46	476	10	476	476	477	476	168	476	478	479	479	480	476	481	477	297	481	476	481	482	478	483	5	5	5	5	
450	219	103	410	32	484	252	464	22	129	22	156	485	80	80	455	30	455	32	32	371	32	105	32	420	32	170	32	486	32	420	32	32	
487	487	439	168	168	168	168	487	168	439	487	478	488	478	450	273	273	6	10	6	489	45	6	6	490	6	6	6	491	6	
17	492	17	45	12	493	12	273	45	17	17	239	282	165	494	11	102	45	42	42	42	
21	21	249	21	21	21	21	21	249	21	21	21	249	21	21	21	21	495	496	21	21	21	21	
285	285	128	105	105	457	325	285	325	285	285	285	285	457	285	285	285	285	325	325	285	497	285	285	285	
122	339	498	499	260	500	501	63	160	63	502	260	63	503	504	160	504	151	159	151	146	504	146	504	146	146	
60	59	160	507	507	508	28	28	131	509	131	60	60	59	60	59	60	28	60	510	60	511	60	59	60	60	59	249	249	509	59	59	
512	29	120	120	29	120	29	293	513	29	29	120	513	514	514	512	293	25	512	515	438	515	29	29	
29	513	25	25	507	22	507	29	122	516	516	261	29	22	508	515	29	29	29	29	515	515	515	
517	518	40	83	82	416	83	83	40	40	83	40	83	88	256	161	256	161	519	161	161	224	161	224	416	161	416	416	416	224	224	38	38	520	520	520	520	520	520	520	520	
249	21	249	128	0	21	0	249	21	21	522	523	524	525	224	27	60	526	60	28	27	60	62	59	62	59	27	27	27	
527	82	528	82	39	40	39	38	39	38	312	161	38	142	529	38	312	165	312	165	165	40	82	530	530	
533	533	533	533	534	535	536	537	538	538	279	279	533	539	540	541	542	542	542	542	542	542	542	542	542	533	44	543	542	
544	101	86	38	86	545	285	546	547	547	116	272	548	549	550	551	552	553	554	554	554	
555	178	179	556	557	46	42	558	46	557	559	241	307	560	561	259	86	165	165	166	562	563	165	564	564	564	86	86	565	565	565	85	85	85	
566	566	369	133	369	566	369	338	339	567	377	333	377	369	568	566	377	333	377	333	369	333	333	
238	312	238	312	161	161	565	569	165	38	239	239	243	239	565	565	259	569	259	569	42	42	557	42	569	165	312	38	165	570	569	571	569	161	572	42	573	42	573	42	44	299	574	42	17	42	47	42	37	47	42	42	42	42	42	
249	249	249	249	249	249	325	249	21	21	575	21	325	0	249	46	249	576	576	577	576	578	576	335	576	579	576	580	580	576	576	580	581	103	416	164	580	580	0	576	341	576	576	335	576	576	582	582	576	245	245	245	
5	10	583	7	7	584	10	7	6	6	10	10	10	7	585	586	10	6	10	10	6	10	10	45	6	6	533	587	587	588	589	588	587	587	10	587	587	587	588	6	6	297	11	590	591	592	533	7	10	10	11	10	587	587	588	8	588	587	588	588	
306	593	437	594	271	595	102	596	0	21	321	597	62	30	598	220	102	30	599	325	325	249	0	161	19	161	81	314	81	81	313	313	313	313	313	313	
249	600	163	523	163	601	602	603	207	604	605	606	607	608	609	610	611	612	613	249	249	249	249	249	
614	614	615	616	239	617	618	617	619	620	325	617	621	622	623	624	625	625	618	429	105	472	105	6	626	627	625	627	597	429	628	429	628	627	628	625	625	440	628	
629	629	629	21	21	56	164	164	164	164	21	162	21	164	161	161	161	61	61	373	61	61	72	72	72	72	72	72	
630	631	47	17	44	101	17	630	44	630	44	11	630	17	42	632	42	630	630	11	44	18	11	11	44	630	42	630	44	17	17	17	17	
633	634	635	634	634	636	637	637	637	638	639	640	640	641	637	636	635	642	635	635	
643	644	643	293	120	120	29	293	25	260	333	120	117	120	437	293	645	645	645	645	645	645	
523	163	159	646	163	346	647	159	163	162	162	163	0	162	163	0	48	261	0	0	0	0	162	0	0	
312	165	86	165	312	0	648	649	650	650	651	652	653	373	653	654	32	655	654	654	32	103	67	219	145	485	31	161	312	161	650	407	33	32	656	656	32	32	407	106	407	106	407	32	103	219	103	657	658	252	252	658	252	252	32	252	252	658	659	468	659	660	659	659	659	661	466	32	656	32	656	280	468	455	468	280	468	468	662	145	145	650	663	650	32	32	103	103	5	103	650	103	468	664	468	468	32	103	32	468	103	665	314	5	666	145	145	485	145	667	468	468	468	108	280	108	280	108	32	
668	45	492	45	46	40	86	669	670	416	17	46	46	40	17	17	46	17	17	17	82	40	83	83	259	230	230	312	83	40	569	226	569	228	228	161	492	492	40	40	40	
492	492	593	492	593	671	671	593	595	593	595	492	672	672	492	47	101	102	671	492	671	492	673	674	675	676	677	678	492	492	
21	21	21	21	21	21	21	21	21	21	21	21	21	21	249	21	21	21	21	21	249	21	249	21	21	21	
679	419	105	680	286	679	163	170	32	105	32	105	32	173	32	173	173	32	32	32	36	681	681	33	173	32	32	33	32	173	32	32	
487	102	11	11	11	11	17	11	17	17	10	42	42	42	17	11	10	42	17	17	17	17	
411	159	159	61	155	61	159	159	0	22	162	61	61	61	156	81	156	485	485	485	61	151	151	151	485	372	372	372	
21	21	0	164	162	249	159	163	249	342	522	684	0	0	0	0	0	0	0	0	
685	686	687	688	685	686	689	690	690	685	691	686	691	692	693	691	694	686	691	695	129	695	691	691	
273	273	45	42	45	46	47	17	17	17	101	46	45	45	45	42	44	669	669	44	17	161	312	161	312	44	44	
702	63	702	703	50	704	705	339	49	50	174	644	55	706	706	703	703	703	703	703	703	703	
710	711	610	205	610	205	205	712	22	205	713	205	714	205	174	715	205	175	175	205	175	
